# Conservative title entry for supplemental alias-watch validation.
# Live reload is enabled; time is retained from the first controller poll.
90000 2000 0010
100000 1000 1000
110000 1000 1000
120000 1000 1000
130000 1000 1000
140000 1000 1000
150000 1000 1000
160000 1000 1000
450000 2000 0010
460000 1000 1000
470000 1000 1000
480000 1000 1000
490000 1000 1000
500000 1000 1000
510000 1000 1000
550000 1000 0010
560000 1000 0010
570000 1000 1000
580000 1000 1000
590000 1000 1000
600000 1000 1000
610000 1000 1000
