# Scenario: underground. Campaign mission 11 "Infiltration" (M301): map Map08
# (Cave 2, the underground nest: map mesh, almost no placed props, preset 0) with
# 110 giant ants (LoadObject giantant01) in tunnels, a pre-mission scene
# (Before.bvm) and allied squads. Seed: make-edf-save.py --mission 11.
# Exercises: cave map mesh and lighting, dense ants at close range in confined
# space, acid/bite and muzzle/rocket effects against close walls.
clock game
# Menu route with a seeded save (tools/make-edf-save.py via -SaveSeed; the
# runner tools/run-renderer-scenario.ps1 makes it). Times are game-clock ms from
# the first controller poll, like tools/native-benchmark-input.txt; the menus run
# at full speed, so they match wall time there.
#   20 s, 25 s  Start: logos / press-start screen (as the fresh routes).
#   30 s        A: title menu. With one occupied save slot its cursor opens on
#               Continue (sub_820C56A8 counts slots; notes/menu/0458).
#   35..60 s    A every 5 s: load screen (cursor on slot 1, no confirmation),
#               then headquarters "Start Mission", mission select (cursor opens
#               on the save's current mission), difficulty (Normal). That is four
#               presses; the other two cover one unexpected dialog (storage) and
#               otherwise land on the loading screen or the pre-mission scene,
#               where A does nothing harmful. The Technical controls never read A
#               on foot, so a late press cannot act in gameplay either.
# Check: renderer-runtime-gate.py --expect-mission <id> fails the run when the
# mission that loaded is not the seeded one (for example, if the title menu had
# opened on New Game the run would be the fresh Mission 1 route instead).
20000 1000 0010
25000 1000 0010
30000 1000 1000
35000 1000 1000
40000 1000 1000
45000 1000 1000
50000 1000 1000
55000 1000 1000
60000 1000 1000
# Gameplay. No input until 120 s, then one-minute combat cycles to 1020 s:
# strafe right and left firing, turn 90 degrees, advance, switch to the Stingray
# (RB) for ten seconds of rockets, switch back, back off, turn back. Input before
# control starts (loading screen, pre-mission scene) is ignored, so whenever
# gameplay begins something is already happening. Stamina comes from the seed's
# armour (100000 crates, 120200 stamina) so the ants cannot end the run. Analog
# fields: LT RT LX LY RX RY.
120000 10000 0000 0 255 24000 0 0 0
130000 10000 0000 0 255 -24000 0 0 0
140000 1046 0000 0 0 0 0 32767 0
141046 5000 0000 0 255 0 32767 0 0
146046 250 0200
146046 10000 0000 0 255 0 0 0 0
156046 250 0200
156046 10000 0000 0 255 0 -20000 0 0
166046 523 0000 0 0 0 0 -32767 0
166569 13430 0000 0 255 12000 0 0 0
180000 10000 0000 0 255 24000 0 0 0
190000 10000 0000 0 255 -24000 0 0 0
200000 1046 0000 0 0 0 0 32767 0
201046 5000 0000 0 255 0 32767 0 0
206046 250 0200
206046 10000 0000 0 255 0 0 0 0
216046 250 0200
216046 10000 0000 0 255 0 -20000 0 0
226046 523 0000 0 0 0 0 -32767 0
226569 13430 0000 0 255 12000 0 0 0
240000 10000 0000 0 255 24000 0 0 0
250000 10000 0000 0 255 -24000 0 0 0
260000 1046 0000 0 0 0 0 32767 0
261046 5000 0000 0 255 0 32767 0 0
266046 250 0200
266046 10000 0000 0 255 0 0 0 0
276046 250 0200
276046 10000 0000 0 255 0 -20000 0 0
286046 523 0000 0 0 0 0 -32767 0
286569 13430 0000 0 255 12000 0 0 0
300000 10000 0000 0 255 24000 0 0 0
310000 10000 0000 0 255 -24000 0 0 0
320000 1046 0000 0 0 0 0 32767 0
321046 5000 0000 0 255 0 32767 0 0
326046 250 0200
326046 10000 0000 0 255 0 0 0 0
336046 250 0200
336046 10000 0000 0 255 0 -20000 0 0
346046 523 0000 0 0 0 0 -32767 0
346569 13430 0000 0 255 12000 0 0 0
360000 10000 0000 0 255 24000 0 0 0
370000 10000 0000 0 255 -24000 0 0 0
380000 1046 0000 0 0 0 0 32767 0
381046 5000 0000 0 255 0 32767 0 0
386046 250 0200
386046 10000 0000 0 255 0 0 0 0
396046 250 0200
396046 10000 0000 0 255 0 -20000 0 0
406046 523 0000 0 0 0 0 -32767 0
406569 13430 0000 0 255 12000 0 0 0
420000 10000 0000 0 255 24000 0 0 0
430000 10000 0000 0 255 -24000 0 0 0
440000 1046 0000 0 0 0 0 32767 0
441046 5000 0000 0 255 0 32767 0 0
446046 250 0200
446046 10000 0000 0 255 0 0 0 0
456046 250 0200
456046 10000 0000 0 255 0 -20000 0 0
466046 523 0000 0 0 0 0 -32767 0
466569 13430 0000 0 255 12000 0 0 0
480000 10000 0000 0 255 24000 0 0 0
490000 10000 0000 0 255 -24000 0 0 0
500000 1046 0000 0 0 0 0 32767 0
501046 5000 0000 0 255 0 32767 0 0
506046 250 0200
506046 10000 0000 0 255 0 0 0 0
516046 250 0200
516046 10000 0000 0 255 0 -20000 0 0
526046 523 0000 0 0 0 0 -32767 0
526569 13430 0000 0 255 12000 0 0 0
540000 10000 0000 0 255 24000 0 0 0
550000 10000 0000 0 255 -24000 0 0 0
560000 1046 0000 0 0 0 0 32767 0
561046 5000 0000 0 255 0 32767 0 0
566046 250 0200
566046 10000 0000 0 255 0 0 0 0
576046 250 0200
576046 10000 0000 0 255 0 -20000 0 0
586046 523 0000 0 0 0 0 -32767 0
586569 13430 0000 0 255 12000 0 0 0
600000 10000 0000 0 255 24000 0 0 0
610000 10000 0000 0 255 -24000 0 0 0
620000 1046 0000 0 0 0 0 32767 0
621046 5000 0000 0 255 0 32767 0 0
626046 250 0200
626046 10000 0000 0 255 0 0 0 0
636046 250 0200
636046 10000 0000 0 255 0 -20000 0 0
646046 523 0000 0 0 0 0 -32767 0
646569 13430 0000 0 255 12000 0 0 0
660000 10000 0000 0 255 24000 0 0 0
670000 10000 0000 0 255 -24000 0 0 0
680000 1046 0000 0 0 0 0 32767 0
681046 5000 0000 0 255 0 32767 0 0
686046 250 0200
686046 10000 0000 0 255 0 0 0 0
696046 250 0200
696046 10000 0000 0 255 0 -20000 0 0
706046 523 0000 0 0 0 0 -32767 0
706569 13430 0000 0 255 12000 0 0 0
720000 10000 0000 0 255 24000 0 0 0
730000 10000 0000 0 255 -24000 0 0 0
740000 1046 0000 0 0 0 0 32767 0
741046 5000 0000 0 255 0 32767 0 0
746046 250 0200
746046 10000 0000 0 255 0 0 0 0
756046 250 0200
756046 10000 0000 0 255 0 -20000 0 0
766046 523 0000 0 0 0 0 -32767 0
766569 13430 0000 0 255 12000 0 0 0
780000 10000 0000 0 255 24000 0 0 0
790000 10000 0000 0 255 -24000 0 0 0
800000 1046 0000 0 0 0 0 32767 0
801046 5000 0000 0 255 0 32767 0 0
806046 250 0200
806046 10000 0000 0 255 0 0 0 0
816046 250 0200
816046 10000 0000 0 255 0 -20000 0 0
826046 523 0000 0 0 0 0 -32767 0
826569 13430 0000 0 255 12000 0 0 0
840000 10000 0000 0 255 24000 0 0 0
850000 10000 0000 0 255 -24000 0 0 0
860000 1046 0000 0 0 0 0 32767 0
861046 5000 0000 0 255 0 32767 0 0
866046 250 0200
866046 10000 0000 0 255 0 0 0 0
876046 250 0200
876046 10000 0000 0 255 0 -20000 0 0
886046 523 0000 0 0 0 0 -32767 0
886569 13430 0000 0 255 12000 0 0 0
900000 10000 0000 0 255 24000 0 0 0
910000 10000 0000 0 255 -24000 0 0 0
920000 1046 0000 0 0 0 0 32767 0
921046 5000 0000 0 255 0 32767 0 0
926046 250 0200
926046 10000 0000 0 255 0 0 0 0
936046 250 0200
936046 10000 0000 0 255 0 -20000 0 0
946046 523 0000 0 0 0 0 -32767 0
946569 13430 0000 0 255 12000 0 0 0
960000 10000 0000 0 255 24000 0 0 0
970000 10000 0000 0 255 -24000 0 0 0
980000 1046 0000 0 0 0 0 32767 0
981046 5000 0000 0 255 0 32767 0 0
986046 250 0200
986046 10000 0000 0 255 0 0 0 0
996046 250 0200
996046 10000 0000 0 255 0 -20000 0 0
1006046 523 0000 0 0 0 0 -32767 0
1006569 13430 0000 0 255 12000 0 0 0
# No input after 1020 s.
