# Mission 1, then five minutes of sustained fire and alternating movement.
# No pause, quit, or save inputs. Analog fields: LT RT LX LY RX RY.
20000 1000 0010
25000 1000 0010
30000 1000 1000
35000 1000 1000
40000 1000 1000
45000 1000 1000
50000 1000 1000
55000 1000 1000
60000 1000 1000
140000 20000 0000 0 255 0 22000 0 0
160000 20000 0000 0 255 18000 8000 10000 0
180000 20000 0000 0 255 -18000 8000 -10000 0
200000 20000 0000 0 255 0 -16000 8000 0
220000 20000 0000 0 255 16000 4000 -8000 0
240000 20000 0000 0 255 -16000 4000 8000 0
260000 20000 0000 0 255 0 22000 0 0
280000 20000 0000 0 255 18000 8000 10000 0
300000 20000 0000 0 255 -18000 8000 -10000 0
320000 20000 0000 0 255 0 -16000 8000 0
340000 20000 0000 0 255 16000 4000 -8000 0
360000 20000 0000 0 255 -16000 4000 8000 0
380000 20000 0000 0 255 0 22000 0 0
400000 20000 0000 0 255 18000 8000 10000 0
420000 20000 0000 0 255 -18000 8000 -10000 0
