# Mission 1: approach enemies, then keep firing while strafing for five minutes.
# Analog fields: LT RT LX LY RX RY. No pause, quit, or save inputs.
20000 1000 0010
25000 1000 0010
30000 1000 1000
35000 1000 1000
40000 1000 1000
45000 1000 1000
50000 1000 1000
55000 1000 1000
60000 1000 1000
140000 2000 0000 0 255 24000 0 0 0
142000 98000 0000 0 255 0 32767 0 0
240000 20000 0000 0 255 -24000 0 0 0
260000 20000 0000 0 255 24000 0 0 0
280000 20000 0000 0 255 0 -16000 0 0
300000 20000 0000 0 255 -24000 0 0 0
320000 20000 0000 0 255 24000 0 0 0
340000 20000 0000 0 255 0 22000 0 0
360000 20000 0000 0 255 -24000 0 0 0
380000 20000 0000 0 255 24000 0 0 0
400000 20000 0000 0 255 0 -16000 0 0
420000 20000 0000 0 255 0 22000 0 0
