# Mission 1: approach, then alternate lateral movement with brief A presses.
# Intended to keep the player active longer; verify survival in the capture.
# Button-only events preserve the active analog movement/fire event.
20000 1000 0010
25000 1000 0010
30000 1000 1000
35000 1000 1000
40000 1000 1000
45000 1000 1000
50000 1000 1000
55000 1000 1000
60000 1000 1000
140000 2000 0000 0 255 24000 0 0 0
142000 98000 0000 0 255 0 32767 0 0
240000 20000 0000 0 255 -32767 0 0 0
240200 120 1000
242000 120 1000
243800 120 1000
245600 120 1000
247400 120 1000
249200 120 1000
251000 120 1000
252800 120 1000
254600 120 1000
256400 120 1000
258200 120 1000
260000 20000 0000 0 255 32767 0 0 0
260200 120 1000
262000 120 1000
263800 120 1000
265600 120 1000
267400 120 1000
269200 120 1000
271000 120 1000
272800 120 1000
274600 120 1000
276400 120 1000
278200 120 1000
280000 20000 0000 0 255 -32767 0 0 0
280200 120 1000
282000 120 1000
283800 120 1000
285600 120 1000
287400 120 1000
289200 120 1000
291000 120 1000
292800 120 1000
294600 120 1000
296400 120 1000
298200 120 1000
300000 20000 0000 0 255 32767 0 0 0
300200 120 1000
302000 120 1000
303800 120 1000
305600 120 1000
307400 120 1000
309200 120 1000
311000 120 1000
312800 120 1000
314600 120 1000
316400 120 1000
318200 120 1000
320000 20000 0000 0 255 -32767 0 0 0
320200 120 1000
322000 120 1000
323800 120 1000
325600 120 1000
327400 120 1000
329200 120 1000
331000 120 1000
332800 120 1000
334600 120 1000
336400 120 1000
338200 120 1000
340000 20000 0000 0 255 32767 0 0 0
340200 120 1000
342000 120 1000
343800 120 1000
345600 120 1000
347400 120 1000
349200 120 1000
351000 120 1000
352800 120 1000
354600 120 1000
356400 120 1000
358200 120 1000
360000 20000 0000 0 255 -32767 0 0 0
360200 120 1000
362000 120 1000
363800 120 1000
365600 120 1000
367400 120 1000
369200 120 1000
371000 120 1000
372800 120 1000
374600 120 1000
376400 120 1000
378200 120 1000
380000 20000 0000 0 255 32767 0 0 0
380200 120 1000
382000 120 1000
383800 120 1000
385600 120 1000
387400 120 1000
389200 120 1000
391000 120 1000
392800 120 1000
394600 120 1000
396400 120 1000
398200 120 1000
400000 20000 0000 0 255 -32767 0 0 0
400200 120 1000
402000 120 1000
403800 120 1000
405600 120 1000
407400 120 1000
409200 120 1000
411000 120 1000
412800 120 1000
414600 120 1000
416400 120 1000
418200 120 1000
420000 20000 0000 0 255 32767 0 0 0
420200 120 1000
422000 120 1000
423800 120 1000
425600 120 1000
427400 120 1000
429200 120 1000
431000 120 1000
432800 120 1000
434600 120 1000
436400 120 1000
438200 120 1000
