# Scenario: many enemies in the air. Campaign mission 6 "Airforce" (M212): map
# Map02 (City 2, preset 2) under the mothership (UfoMother01) with its gunship
# swarm (UfoSmall01), a pre-mission scene and allied squads. Seed:
# make-edf-save.py --mission 6.
# Exercises: dozens of moving UFOs across the whole sky, their shots and
# explosions, falling wrecks, a second city map at another time of day, and a
# sky-filling view instead of the street view of Mission 1.
clock game
# Menu route with a seeded save (tools/make-edf-save.py via -SaveSeed; the
# runner tools/run-renderer-scenario.ps1 makes it). Times are game-clock ms from
# the first controller poll, like tools/native-benchmark-input.txt; the menus run
# at full speed, so they match wall time there.
#   20 s, 25 s  Start: logos / press-start screen (as the fresh routes).
#   30 s        A: title menu. With one occupied save slot its cursor opens on
#               Continue (sub_820C56A8 counts slots; notes/menu/0458).
#   35..60 s    A every 5 s: load screen (cursor on slot 1, no confirmation),
#               then headquarters "Start Mission", mission select (cursor opens
#               on the save's current mission), difficulty (Normal). That is four
#               presses; the other two cover one unexpected dialog (storage) and
#               otherwise land on the loading screen or the pre-mission scene,
#               where A does nothing harmful. The Technical controls never read A
#               on foot, so a late press cannot act in gameplay either.
# Check: renderer-runtime-gate.py --expect-mission <id> fails the run when the
# mission that loaded is not the seeded one (for example, if the title menu had
# opened on New Game the run would be the fresh Mission 1 route instead).
20000 1000 0010
25000 1000 0010
30000 1000 1000
35000 1000 1000
40000 1000 1000
45000 1000 1000
50000 1000 1000
55000 1000 1000
60000 1000 1000
# Gameplay from 120 s: look up about 30 degrees, then one-minute cycles to 1020 s
# of firing while the view sweeps the sky (slow yaw) and the player strafes,
# with a Stingray burst each cycle. The pitch is restored at the end of each
# cycle so it cannot run away. Stamina from the seed's armour (100000 crates).
120000 348 0000 0 0 0 0 0 32767
120348 20000 0000 0 255 0 0 9000 0
140348 8000 0000 0 255 24000 0 4000 0
148348 250 0200
148348 8000 0000 0 255 0 0 -6000 0
156348 250 0200
156348 15000 0000 0 255 -24000 0 -9000 0
171348 348 0000 0 0 0 0 0 -32767
171697 8302 0000 0 255 0 0 0 0
180000 348 0000 0 0 0 0 0 32767
180348 20000 0000 0 255 0 0 9000 0
200348 8000 0000 0 255 24000 0 4000 0
208348 250 0200
208348 8000 0000 0 255 0 0 -6000 0
216348 250 0200
216348 15000 0000 0 255 -24000 0 -9000 0
231348 348 0000 0 0 0 0 0 -32767
231697 8302 0000 0 255 0 0 0 0
240000 348 0000 0 0 0 0 0 32767
240348 20000 0000 0 255 0 0 9000 0
260348 8000 0000 0 255 24000 0 4000 0
268348 250 0200
268348 8000 0000 0 255 0 0 -6000 0
276348 250 0200
276348 15000 0000 0 255 -24000 0 -9000 0
291348 348 0000 0 0 0 0 0 -32767
291697 8302 0000 0 255 0 0 0 0
300000 348 0000 0 0 0 0 0 32767
300348 20000 0000 0 255 0 0 9000 0
320348 8000 0000 0 255 24000 0 4000 0
328348 250 0200
328348 8000 0000 0 255 0 0 -6000 0
336348 250 0200
336348 15000 0000 0 255 -24000 0 -9000 0
351348 348 0000 0 0 0 0 0 -32767
351697 8302 0000 0 255 0 0 0 0
360000 348 0000 0 0 0 0 0 32767
360348 20000 0000 0 255 0 0 9000 0
380348 8000 0000 0 255 24000 0 4000 0
388348 250 0200
388348 8000 0000 0 255 0 0 -6000 0
396348 250 0200
396348 15000 0000 0 255 -24000 0 -9000 0
411348 348 0000 0 0 0 0 0 -32767
411697 8302 0000 0 255 0 0 0 0
420000 348 0000 0 0 0 0 0 32767
420348 20000 0000 0 255 0 0 9000 0
440348 8000 0000 0 255 24000 0 4000 0
448348 250 0200
448348 8000 0000 0 255 0 0 -6000 0
456348 250 0200
456348 15000 0000 0 255 -24000 0 -9000 0
471348 348 0000 0 0 0 0 0 -32767
471697 8302 0000 0 255 0 0 0 0
480000 348 0000 0 0 0 0 0 32767
480348 20000 0000 0 255 0 0 9000 0
500348 8000 0000 0 255 24000 0 4000 0
508348 250 0200
508348 8000 0000 0 255 0 0 -6000 0
516348 250 0200
516348 15000 0000 0 255 -24000 0 -9000 0
531348 348 0000 0 0 0 0 0 -32767
531697 8302 0000 0 255 0 0 0 0
540000 348 0000 0 0 0 0 0 32767
540348 20000 0000 0 255 0 0 9000 0
560348 8000 0000 0 255 24000 0 4000 0
568348 250 0200
568348 8000 0000 0 255 0 0 -6000 0
576348 250 0200
576348 15000 0000 0 255 -24000 0 -9000 0
591348 348 0000 0 0 0 0 0 -32767
591697 8302 0000 0 255 0 0 0 0
600000 348 0000 0 0 0 0 0 32767
600348 20000 0000 0 255 0 0 9000 0
620348 8000 0000 0 255 24000 0 4000 0
628348 250 0200
628348 8000 0000 0 255 0 0 -6000 0
636348 250 0200
636348 15000 0000 0 255 -24000 0 -9000 0
651348 348 0000 0 0 0 0 0 -32767
651697 8302 0000 0 255 0 0 0 0
660000 348 0000 0 0 0 0 0 32767
660348 20000 0000 0 255 0 0 9000 0
680348 8000 0000 0 255 24000 0 4000 0
688348 250 0200
688348 8000 0000 0 255 0 0 -6000 0
696348 250 0200
696348 15000 0000 0 255 -24000 0 -9000 0
711348 348 0000 0 0 0 0 0 -32767
711697 8302 0000 0 255 0 0 0 0
720000 348 0000 0 0 0 0 0 32767
720348 20000 0000 0 255 0 0 9000 0
740348 8000 0000 0 255 24000 0 4000 0
748348 250 0200
748348 8000 0000 0 255 0 0 -6000 0
756348 250 0200
756348 15000 0000 0 255 -24000 0 -9000 0
771348 348 0000 0 0 0 0 0 -32767
771697 8302 0000 0 255 0 0 0 0
780000 348 0000 0 0 0 0 0 32767
780348 20000 0000 0 255 0 0 9000 0
800348 8000 0000 0 255 24000 0 4000 0
808348 250 0200
808348 8000 0000 0 255 0 0 -6000 0
816348 250 0200
816348 15000 0000 0 255 -24000 0 -9000 0
831348 348 0000 0 0 0 0 0 -32767
831697 8302 0000 0 255 0 0 0 0
840000 348 0000 0 0 0 0 0 32767
840348 20000 0000 0 255 0 0 9000 0
860348 8000 0000 0 255 24000 0 4000 0
868348 250 0200
868348 8000 0000 0 255 0 0 -6000 0
876348 250 0200
876348 15000 0000 0 255 -24000 0 -9000 0
891348 348 0000 0 0 0 0 0 -32767
891697 8302 0000 0 255 0 0 0 0
900000 348 0000 0 0 0 0 0 32767
900348 20000 0000 0 255 0 0 9000 0
920348 8000 0000 0 255 24000 0 4000 0
928348 250 0200
928348 8000 0000 0 255 0 0 -6000 0
936348 250 0200
936348 15000 0000 0 255 -24000 0 -9000 0
951348 348 0000 0 0 0 0 0 -32767
951697 8302 0000 0 255 0 0 0 0
960000 348 0000 0 0 0 0 0 32767
960348 20000 0000 0 255 0 0 9000 0
980348 8000 0000 0 255 24000 0 4000 0
988348 250 0200
988348 8000 0000 0 255 0 0 -6000 0
996348 250 0200
996348 15000 0000 0 255 -24000 0 -9000 0
1011348 348 0000 0 0 0 0 0 -32767
1011697 8302 0000 0 255 0 0 0 0
# No input after 1020 s.
