# Milliseconds relative to first scripted pad poll, not executable launch.
# Observational probe only: gameplay readiness and actual poll times must be checked.
20000 1000 0010
25000 1000 0010
30000 1000 1000
35000 1000 1000
40000 1000 1000
45000 1000 1000
50000 1000 1000
55000 1000 1000
60000 1000 1000
65000 1000 1000
70000 1000 1000
150000 1000 1000
155000 1000 1000
180000 12000 0000 0 0 0 18000 0 0
195000 5000 0000 0 0 0 0 10000 0
205000 18000 0200 0 255 0 0 0 0
230000 500 0010
240000 500 0010
